{
    "asset": {
        "premultipliedAlpha": true,
        "profile": {
            "api": "WebGL",
            "version": "1.0.2"
        },
        "generator": "COLLADA2GLTF",
        "version": "1.0"
    },
    "scenes": {
        "scene_0": {
            "nodes": [
                "node_0"
            ]
        }
    },
    "scene": "scene_0",
    "nodes": {
        "node_0": {
            "children": [
                "default-node",
                "Sunlight__Front-Upper-Left-node",
                "Sunlight__Front-Upper-Right-node",
                "a_2_Cylinder_Engine-node"
            ],
            "name": "Y_UP"
        },
        "a_2_Cylinder_Engine-node": {
            "children": [
                "Head_Stud_123-006_0_Parts-node",
                "Head_Stud_123-006_0_Parts-node_1",
                "Lifter_123-923_0_Parts-node",
                "Lifter_123-923_0_Parts-node_1",
                "Lifter_123-923_0_Parts-node_2",
                "Lifter_123-923_0_Parts-node_3",
                "rod_123-699_0_Parts-node",
                "rod_123-699_0_Parts-node_1",
                "Body_Sub_123-002_0_Parts-node",
                "CamShaft_Sub_123-990_0_Parts-node",
                "Crank_Sub_123-555_0_Parts-node",
                "Piston_Sub__0_Parts-node",
                "Piston_Sub__0_Parts-node_1"
            ],
            "name": "a_2_Cylinder_Engine"
        },
        "Piston_Sub__0_Parts-node_1": {
            "children": [
                "Piston_pin_123-845_0_Parts-node_1",
                "Piston_123-844_0_Parts-node_1"
            ],
            "matrix": [
                1.0,
                0.0,
                0.0,
                0.0,
                0.0,
                1.0,
                0.0,
                0.0,
                0.0,
                0.0,
                1.0,
                0.0,
                136.860107421875,
                -64.45372009277344,
                -36.179630279541019,
                1.0
            ],
            "name": "Piston_Sub__0_Parts_1"
        },
        "Piston_123-844_0_Parts-node_1": {
            "meshes": [
                "Piston_123-844_0_Parts-mesh"
            ],
            "matrix": [
                -1.0,
                8.979318677493353e-11,
                0.0,
                0.0,
                -8.979318677493353e-11,
                -1.0,
                0.0,
                0.0,
                0.0,
                0.0,
                1.0,
                0.0,
                -294.67718505859377,
                73.97987365722656,
                16.17963218688965,
                1.0
            ],
            "name": "Piston_123-844_0_Parts_2"
        },
        "Piston_pin_123-845_0_Parts-node_1": {
            "meshes": [
                "body-mesh_24"
            ],
            "matrix": [
                0.9995650053024292,
                0.0294931847602129,
                0.0,
                0.0,
                -0.0294931847602129,
                0.9995650053024292,
                0.0,
                0.0,
                0.0,
                0.0,
                1.0,
                0.0,
                -45.315460205078128,
                -24.617263793945314,
                -26.320369720458986,
                1.0
            ],
            "name": "Piston_pin_123-845_0_Parts_1"
        },
        "Piston_Sub__0_Parts-node": {
            "children": [
                "Piston_pin_123-845_0_Parts-node",
                "Piston_123-844_0_Parts-node"
            ],
            "matrix": [
                -1.0,
                8.979318677493353e-11,
                0.0,
                0.0,
                -8.979318677493353e-11,
                -1.0,
                0.0,
                0.0,
                0.0,
                0.0,
                1.0,
                0.0,
                -136.860107421875,
                64.45372009277344,
                3.8203670978546144,
                1.0
            ],
            "name": "Piston_Sub__0_Parts"
        },
        "Piston_123-844_0_Parts-node": {
            "meshes": [
                "Piston_123-844_0_Parts-mesh"
            ],
            "matrix": [
                -1.0,
                8.979318677493353e-11,
                0.0,
                0.0,
                -8.979318677493353e-11,
                -1.0,
                0.0,
                0.0,
                0.0,
                0.0,
                1.0,
                0.0,
                -294.67718505859377,
                73.97987365722656,
                16.17963218688965,
                1.0
            ],
            "name": "Piston_123-844_0_Parts"
        },
        "Piston_pin_123-845_0_Parts-node": {
            "meshes": [
                "body-mesh_24"
            ],
            "matrix": [
                0.9995650053024292,
                0.0294931847602129,
                0.0,
                0.0,
                -0.0294931847602129,
                0.9995650053024292,
                0.0,
                0.0,
                0.0,
                0.0,
                1.0,
                0.0,
                -45.315460205078128,
                -24.617263793945314,
                -26.32036781311035,
                1.0
            ],
            "name": "Piston_pin_123-845_0_Parts"
        },
        "Crank_Sub_123-555_0_Parts-node": {
            "children": [
                "crank_123-782_0_Parts-node",
                "crank_gear_123-783_0_Parts-node"
            ],
            "matrix": [
                -0.5,
                -0.8660253882408142,
                0.0,
                0.0,
                0.8660253882408142,
                -0.5,
                0.0,
                0.0,
                0.0,
                0.0,
                1.0,
                0.0,
                18.09818458557129,
                -69.69783782958985,
                -105.559814453125,
                1.0
            ],
            "name": "Crank_Sub_123-555_0_Parts"
        },
        "crank_gear_123-783_0_Parts-node": {
            "meshes": [
                "body-mesh_23"
            ],
            "matrix": [
                -0.9390941858291626,
                0.3436597883701325,
                0.0,
                0.0,
                -0.3436597883701325,
                -0.9390941858291626,
                0.0,
                0.0,
                0.0,
                0.0,
                1.0,
                0.0,
                -51.311012268066409,
                -50.52240753173828,
                -18.440185546875,
                1.0
            ],
            "name": "crank_gear_123-783_0_Parts"
        },
        "crank_123-782_0_Parts-node": {
            "meshes": [
                "body-mesh_22"
            ],
            "matrix": [
                -0.9390941858291626,
                0.3436597883701325,
                0.0,
                0.0,
                -0.3436597883701325,
                -0.9390941858291626,
                0.0,
                0.0,
                0.0,
                0.0,
                1.0,
                0.0,
                -51.311012268066409,
                -50.52240753173828,
                107.559814453125,
                1.0
            ],
            "name": "crank_123-782_0_Parts"
        },
        "CamShaft_Sub_123-990_0_Parts-node": {
            "children": [
                "Cam_shaft_123-457_0_Parts-node",
                "cam_gear_123-456_0_Parts-node"
            ],
            "matrix": [
                0.7071067690849304,
                -0.7071067690849304,
                0.0,
                0.0,
                0.7071067690849304,
                0.7071067690849304,
                0.0,
                0.0,
                0.0,
                0.0,
                1.0,
                0.0,
                47.17867660522461,
                -52.821327209472659,
                -88.94477081298828,
                1.0
            ],
            "name": "CamShaft_Sub_123-990_0_Parts"
        },
        "cam_gear_123-456_0_Parts-node": {
            "meshes": [
                "body-mesh_21"
            ],
            "matrix": [
                -0.4234085381031037,
                -0.9059388637542724,
                -7.575183536001616e-11,
                0.0,
                -0.9059388637542724,
                0.4234085381031037,
                -4.821281221478735e-11,
                0.0,
                7.575183536001616e-11,
                4.821281221478735e-11,
                -1.0,
                0.0,
                -90.59386444091796,
                -24.379817962646489,
                -40.05522918701172,
                1.0
            ],
            "name": "cam_gear_123-456_0_Parts"
        },
        "Cam_shaft_123-457_0_Parts-node": {
            "meshes": [
                "body-mesh_20"
            ],
            "matrix": [
                -1.877404400829619e-7,
                -1.194886607436274e-7,
                1.0,
                0.0,
                -0.905938446521759,
                0.42340943217277529,
                -1.194886607436274e-7,
                0.0,
                -0.42340943217277529,
                -0.905938446521759,
                -1.877404400829619e-7,
                0.0,
                -30.2958984375,
                -52.56131362915039,
                25.05522727966309,
                1.0
            ],
            "name": "Cam_shaft_123-457_0_Parts"
        },
        "Body_Sub_123-002_0_Parts-node": {
            "children": [
                "Case_r_123-200_0_Parts-node",
                "Cylinder_1_123-100_0_Parts-node",
                "Cylinder_2_123-101_0_Parts-node",
                "Head_Stud_123-006_0_Parts-node_2",
                "Head_Stud_123-006_0_Parts-node_3",
                "Head_1_123-150_0_Parts-node",
                "Valve_Cover_123-701_0_Parts-node",
                "cylinder_bolt_pattern__0_Parts-node",
                "Head2_Sub__0_Parts-node"
            ],
            "name": "Body_Sub_123-002_0_Parts"
        },
        "Head2_Sub__0_Parts-node": {
            "children": [
                "Head_Nut_123-005_0_Parts-node",
                "Head_Nut_123-005_0_Parts-node_1",
                "Head_2_123-151_0_Parts-node",
                "Rocker_Arm_123-600_0_Parts-node",
                "Rocker_Arm_copy_123-602_0_Parts-node",
                "Spark_Plug__0_Parts-node",
                "Valve_Cover_copy__0_Main-node",
                "Valve_Spring_123-702_0_Parts-node",
                "Valve_Spring_123-702_0_Parts-node_1",
                "Rocker_Sub__0_Parts-node",
                "Valve_Sub__0_Parts-node",
                "Valve_Sub__0_Parts-node_1"
            ],
            "matrix": [
                -2.430540746445331e-7,
                0.0000014087579529586949,
                -1.0,
                0.0,
                -1.0,
                -2.430540746445331e-7,
                2.4305373358402e-7,
                0.0,
                -2.4305373358402e-7,
                1.0,
                0.0000014087580666455324,
                0.0,
                -48.26182556152344,
                -59.11042404174805,
                34.59598541259766,
                1.0
            ],
            "name": "Head2_Sub__0_Parts"
        },
        "Valve_Sub__0_Parts-node_1": {
            "children": [
                "Valve_Spring_Cap_123-704_0_Parts-node_1",
                "Valve_123-700_0_Parts-node_1",
                "Spring__0_Parts-node_1"
            ],
            "matrix": [
                -0.45468202233314516,
                0.6541662216186523,
                -0.6044260263442993,
                0.0,
                0.8696397542953491,
                0.4726206660270691,
                -0.1426759660243988,
                0.0,
                0.19233042001724244,
                -0.590505063533783,
                -0.7837810516357422,
                0.0,
                14.898193359375,
                85.82951354980469,
                -48.034645080566409,
                1.0
            ],
            "name": "Valve_Sub__0_Parts_1"
        },
        "Spring__0_Parts-node_1": {
            "children": [
                "Spring_Link__0_Parts-node_10",
                "Spring_Link__0_Parts-node_11",
                "Spring_Link__0_Parts-node_12",
                "Spring_Link__0_Parts-node_13",
                "Spring_Link__0_Parts-node_14",
                "Spring_Link__0_Parts-node_15",
                "Spring_Link__0_Parts-node_16",
                "Spring_Link__0_Parts-node_17",
                "Spring_Link__0_Parts-node_18",
                "Spring_Link__0_Parts-node_19"
            ],
            "name": "Spring__0_Parts_1"
        },
        "Spring_Link__0_Parts-node_19": {
            "meshes": [
                "Spring_Link__0_Parts-mesh"
            ],
            "matrix": [
                0.8450329899787903,
                0.005398945417255163,
                -0.5346869230270386,
                0.0,
                -0.4710906744003296,
                0.4805830717086792,
                -0.7396712303161621,
                0.0,
                0.252968043088913,
                0.8769326210021973,
                0.4086519181728363,
                0.0,
                -74.0894775390625,
                71.41646575927735,
                -157.91323852539066,
                1.0
            ],
            "name": "Spring_Link__0_Parts_20"
        },
        "Spring_Link__0_Parts-node_18": {
            "meshes": [
                "Spring_Link__0_Parts-mesh"
            ],
            "matrix": [
                -0.7145451903343201,
                -0.1154177337884903,
                0.6900028586387634,
                0.0,
                -0.6522517800331116,
                0.4665486216545105,
                -0.5974110960960388,
                0.0,
                -0.25296807289123537,
                -0.8769327998161316,
                -0.4086515009403229,
                0.0,
                122.53109741210938,
                86.64814758300781,
                -312.3133850097656,
                1.0
            ],
            "name": "Spring_Link__0_Parts_19"
        },
        "Spring_Link__0_Parts-node_17": {
            "meshes": [
                "Spring_Link__0_Parts-mesh"
            ],
            "matrix": [
                0.8450329899787903,
                0.005398945417255163,
                -0.5346869230270386,
                0.0,
                -0.4710906744003296,
                0.4805830717086792,
                -0.7396712303161621,
                0.0,
                0.252968043088913,
                0.8769326210021973,
                0.4086519181728363,
                0.0,
                -69.3792953491211,
                71.78133392333985,
                -161.61203002929688,
                1.0
            ],
            "name": "Spring_Link__0_Parts_18"
        },
        "Spring_Link__0_Parts-node_16": {
            "meshes": [
                "Spring_Link__0_Parts-mesh"
            ],
            "matrix": [
                -0.7145451903343201,
                -0.1154177337884903,
                0.6900028586387634,
                0.0,
                -0.6522517800331116,
                0.4665486216545105,
                -0.5974110960960388,
                0.0,
                -0.25296807289123537,
                -0.8769327998161316,
                -0.4086515009403229,
                0.0,
                127.24127197265624,
                87.01302337646485,
                -316.0121765136719,
                1.0
            ],
            "name": "Spring_Link__0_Parts_17"
        },
        "Spring_Link__0_Parts-node_15": {
            "meshes": [
                "Spring_Link__0_Parts-mesh"
            ],
            "matrix": [
                0.8450329899787903,
                0.005398945417255163,
                -0.5346869230270386,
                0.0,
                -0.4710906744003296,
                0.4805830717086792,
                -0.7396712303161621,
                0.0,
                0.252968043088913,
                0.8769326210021973,
                0.4086519181728363,
                0.0,
                -64.66907501220703,
                72.14624786376953,
                -165.310791015625,
                1.0
            ],
            "name": "Spring_Link__0_Parts_16"
        },
        "Spring_Link__0_Parts-node_14": {
            "meshes": [
                "Spring_Link__0_Parts-mesh"
            ],
            "matrix": [
                -0.7145451903343201,
                -0.1154177337884903,
                0.6900028586387634,
                0.0,
                -0.6522517800331116,
                0.4665486216545105,
                -0.5974110960960388,
                0.0,
                -0.25296807289123537,
                -0.8769327998161316,
                -0.4086515009403229,
                0.0,
                131.9515380859375,
                87.37792205810547,
                -319.7109680175781,
                1.0
            ],
            "name": "Spring_Link__0_Parts_15"
        },
        "Spring_Link__0_Parts-node_13": {
            "meshes": [
                "Spring_Link__0_Parts-mesh"
            ],
            "matrix": [
                0.8450329899787903,
                0.005398945417255163,
                -0.5346869230270386,
                0.0,
                -0.4710906744003296,
                0.4805830717086792,
                -0.7396712303161621,
                0.0,
                0.252968043088913,
                0.8769326210021973,
                0.4086519181728363,
                0.0,
                -59.958885192871097,
                72.5111312866211,
                -169.00955200195313,
                1.0
            ],
            "name": "Spring_Link__0_Parts_14"
        },
        "Spring_Link__0_Parts-node_12": {
            "meshes": [
                "Spring_Link__0_Parts-mesh"
            ],
            "matrix": [
                -0.7145451903343201,
                -0.1154177337884903,
                0.6900028586387634,
                0.0,
                -0.6522517800331116,
                0.4665486216545105,
                -0.5974110960960388,
                0.0,
                -0.25296807289123537,
                -0.8769327998161316,
                -0.4086515009403229,
                0.0,
                136.66165161132813,
                87.74280548095703,
                -323.4097595214844,
                1.0
            ],
            "name": "Spring_Link__0_Parts_13"
        },
        "Spring_Link__0_Parts-node_11": {
            "meshes": [
                "Spring_Link__0_Parts-mesh"
            ],
            "matrix": [
                0.8450329899787903,
                0.005398945417255163,
                -0.5346869230270386,
                0.0,
                -0.4710906744003296,
                0.4805830717086792,
                -0.7396712303161621,
                0.0,
                0.252968043088913,
                0.8769326210021973,
                0.4086519181728363,
                0.0,
                -55.24869537353516,
                72.87601470947266,
                -172.70831298828126,
                1.0
            ],
            "name": "Spring_Link__0_Parts_12"
        },
        "Spring_Link__0_Parts-node_10": {
            "meshes": [
                "Spring_Link__0_Parts-mesh"
            ],
            "matrix": [
                -0.7145451903343201,
                -0.1154177337884903,
                0.6900028586387634,
                0.0,
                -0.6522517800331116,
                0.4665486216545105,
                -0.5974110960960388,
                0.0,
                -0.25296807289123537,
                -0.8769327998161316,
                -0.4086515009403229,
                0.0,
                141.37188720703126,
                88.10767364501953,
                -327.1084899902344,
                1.0
            ],
            "name": "Spring_Link__0_Parts_11"
        },
        "Valve_123-700_0_Parts-node_1": {
            "meshes": [
                "body-mesh_19"
            ],
            "matrix": [
                0.7850325703620911,
                0.060814209282398227,
                -0.6164620518684387,
                0.0,
                -0.13561886548995973,
                0.9878994822502136,
                -0.07524696737527847,
                0.0,
                0.6044265031814575,
                0.14267520606517793,
                0.7837808728218079,
                0.0,
                -5.746735095977783,
                -250.409912109375,
                -86.68790435791016,
                1.0
            ],
            "name": "Valve_123-700_0_Parts_1"
        },
        "Valve_Spring_Cap_123-704_0_Parts-node_1": {
            "meshes": [
                "body-mesh_18"
            ],
            "matrix": [
                0.785033106803894,
                0.06081344559788704,
                -0.616461455821991,
                0.0,
                -0.3681585192680359,
                -0.7545340061187744,
                -0.5432658195495606,
                0.0,
                -0.49817901849746706,
                0.6534371972084045,
                -0.569945216178894,
                0.0,
                34.187137603759769,
                252.666015625,
                65.06369018554688,
                1.0
            ],
            "name": "Valve_Spring_Cap_123-704_0_Parts_1"
        },
        "Valve_Sub__0_Parts-node": {
            "children": [
                "Valve_Spring_Cap_123-704_0_Parts-node",
                "Valve_123-700_0_Parts-node",
                "Spring__0_Parts-node"
            ],
            "matrix": [
                0.4546822011470795,
                0.6541662216186523,
                0.604425847530365,
                0.0,
                -0.8696396350860596,
                0.4726209044456482,
                0.14267593622207642,
                0.0,
                -0.1923305094242096,
                -0.5905048847198486,
                0.7837811708450317,
                0.0,
                91.87051391601564,
                80.63255310058594,
                166.26089477539066,
                1.0
            ],
            "name": "Valve_Sub__0_Parts"
        },
        "Spring__0_Parts-node": {
            "children": [
                "Spring_Link__0_Parts-node",
                "Spring_Link__0_Parts-node_1",
                "Spring_Link__0_Parts-node_2",
                "Spring_Link__0_Parts-node_3",
                "Spring_Link__0_Parts-node_4",
                "Spring_Link__0_Parts-node_5",
                "Spring_Link__0_Parts-node_6",
                "Spring_Link__0_Parts-node_7",
                "Spring_Link__0_Parts-node_8",
                "Spring_Link__0_Parts-node_9"
            ],
            "name": "Spring__0_Parts"
        },
        "Spring_Link__0_Parts-node_9": {
            "meshes": [
                "Spring_Link__0_Parts-mesh"
            ],
            "matrix": [
                0.8620702028274536,
                -0.015319700352847577,
                -0.506557285785675,
                0.0,
                -0.4340354502201081,
                0.49368834495544436,
                -0.7535814642906189,
                0.0,
                0.26162606477737429,
                0.8695039749145508,
                0.41894471645355227,
                0.0,
                -77.39921569824219,
                74.49835205078125,
                -159.90199279785157,
                1.0
            ],
            "name": "Spring_Link__0_Parts_10"
        },
        "Spring_Link__0_Parts-node_8": {
            "meshes": [
                "Spring_Link__0_Parts-mesh"
            ],
            "matrix": [
                -0.6893031001091003,
                -0.13550062477588654,
                0.7116886973381043,
                0.0,
                -0.6755834221839905,
                0.47497618198394778,
                -0.5639013051986694,
                0.0,
                -0.2616262137889862,
                -0.8695039749145508,
                -0.4189445376396179,
                0.0,
                115.9541015625,
                89.47693634033203,
                -311.7364501953125,
                1.0
            ],
            "name": "Spring_Link__0_Parts_9"
        },
        "Spring_Link__0_Parts-node_7": {
            "meshes": [
                "Spring_Link__0_Parts-mesh"
            ],
            "matrix": [
                0.8620702028274536,
                -0.015319700352847577,
                -0.506557285785675,
                0.0,
                -0.4340354502201081,
                0.49368834495544436,
                -0.7535814642906189,
                0.0,
                0.26162606477737429,
                0.8695039749145508,
                0.41894471645355227,
                0.0,
                -71.11894989013672,
                74.98487091064453,
                -164.83367919921876,
                1.0
            ],
            "name": "Spring_Link__0_Parts_8"
        },
        "Spring_Link__0_Parts-node_6": {
            "meshes": [
                "Spring_Link__0_Parts-mesh"
            ],
            "matrix": [
                -0.6893031001091003,
                -0.13550062477588654,
                0.7116886973381043,
                0.0,
                -0.6755834221839905,
                0.47497618198394778,
                -0.5639013051986694,
                0.0,
                -0.2616262137889862,
                -0.8695039749145508,
                -0.4189445376396179,
                0.0,
                122.234375,
                89.96346282958985,
                -316.668212890625,
                1.0
            ],
            "name": "Spring_Link__0_Parts_7"
        },
        "Spring_Link__0_Parts-node_5": {
            "meshes": [
                "Spring_Link__0_Parts-mesh"
            ],
            "matrix": [
                0.8620702028274536,
                -0.015319700352847577,
                -0.506557285785675,
                0.0,
                -0.4340354502201081,
                0.49368834495544436,
                -0.7535814642906189,
                0.0,
                0.26162606477737429,
                0.8695039749145508,
                0.41894471645355227,
                0.0,
                -64.83870697021485,
                75.47139739990235,
                -169.76536560058598,
                1.0
            ],
            "name": "Spring_Link__0_Parts_6"
        },
        "Spring_Link__0_Parts-node_4": {
            "meshes": [
                "Spring_Link__0_Parts-mesh"
            ],
            "matrix": [
                -0.6893031001091003,
                -0.13550062477588654,
                0.7116886973381043,
                0.0,
                -0.6755834221839905,
                0.47497618198394778,
                -0.5639013051986694,
                0.0,
                -0.2616262137889862,
                -0.8695039749145508,
                -0.4189445376396179,
                0.0,
                128.51461791992188,
                90.44998931884766,
                -321.5999145507813,
                1.0
            ],
            "name": "Spring_Link__0_Parts_5"
        },
        "Spring_Link__0_Parts-node_3": {
            "meshes": [
                "Spring_Link__0_Parts-mesh"
            ],
            "matrix": [
                0.8620702028274536,
                -0.015319700352847577,
                -0.506557285785675,
                0.0,
                -0.4340354502201081,
                0.49368834495544436,
                -0.7535814642906189,
                0.0,
                0.26162606477737429,
                0.8695039749145508,
                0.41894471645355227,
                0.0,
                -58.558441162109378,
                75.9579086303711,
                -174.6970672607422,
                1.0
            ],
            "name": "Spring_Link__0_Parts_4"
        },
        "Spring_Link__0_Parts-node_2": {
            "meshes": [
                "Spring_Link__0_Parts-mesh"
            ],
            "matrix": [
                -0.6893031001091003,
                -0.13550062477588654,
                0.7116886973381043,
                0.0,
                -0.6755834221839905,
                0.47497618198394778,
                -0.5639013051986694,
                0.0,
                -0.2616262137889862,
                -0.8695039749145508,
                -0.4189445376396179,
                0.0,
                134.79489135742188,
                90.9365005493164,
                -326.5315856933594,
                1.0
            ],
            "name": "Spring_Link__0_Parts_3"
        },
        "Spring_Link__0_Parts-node_1": {
            "meshes": [
                "Spring_Link__0_Parts-mesh"
            ],
            "matrix": [
                0.8620702028274536,
                -0.015319700352847577,
                -0.506557285785675,
                0.0,
                -0.4340354502201081,
                0.49368834495544436,
                -0.7535814642906189,
                0.0,
                0.26162606477737429,
                0.8695039749145508,
                0.41894471645355227,
                0.0,
                -52.27817535400391,
                76.44441223144531,
                -179.62875366210938,
                1.0
            ],
            "name": "Spring_Link__0_Parts_2"
        },
        "Spring_Link__0_Parts-node": {
            "meshes": [
                "Spring_Link__0_Parts-mesh"
            ],
            "matrix": [
                -0.6893031001091003,
                -0.13550062477588654,
                0.7116886973381043,
                0.0,
                -0.6755834221839905,
                0.47497618198394778,
                -0.5639013051986694,
                0.0,
                -0.2616262137889862,
                -0.8695039749145508,
                -0.4189445376396179,
                0.0,
                141.07516479492188,
                91.42301940917968,
                -331.4632263183594,
                1.0
            ],
            "name": "Spring_Link__0_Parts"
        },
        "Valve_123-700_0_Parts-node": {
            "meshes": [
                "body-mesh_19"
            ],
            "matrix": [
                0.7850325703620911,
                0.060814209282398227,
                -0.6164620518684387,
                0.0,
                -0.13561886548995973,
                0.9878994822502136,
                -0.07524696737527847,
                0.0,
                0.6044265031814575,
                0.14267520606517793,
                0.7837808728218079,
                0.0,
                -1.248520016670227,
                -250.06192016601566,
                -90.22713470458985,
                1.0
            ],
            "name": "Valve_123-700_0_Parts"
        },
        "Valve_Spring_Cap_123-704_0_Parts-node": {
            "meshes": [
                "body-mesh_18"
            ],
            "matrix": [
                0.7850322723388672,
                0.06081392988562584,
                -0.6164625287055969,
                0.0,
                -0.3924780488014221,
                -0.7211048007011414,
                -0.5709367990493774,
                0.0,
                -0.47925499081611636,
                0.6901518106460571,
                -0.5422223806381226,
                0.0,
                45.59693908691406,
                243.51312255859376,
                69.38878631591797,
                1.0
            ],
            "name": "Valve_Spring_Cap_123-704_0_Parts"
        },
        "Rocker_Sub__0_Parts-node": {
            "children": [
                "Rocker_Arm_Shaft_123-601_0_Parts-node",
                "Rocker_Arm_Shaft_123-601_0_Parts-node_1",
                "Rocker_Mount_Sub__0_Parts-node",
                "Rocker_Mount_Sub__0_Parts-node_1"
            ],
            "matrix": [
                0.9999974370002748,
                0.0,
                -0.0022710729390382768,
                0.0,
                0.0,
                1.0,
                0.0,
                0.0,
                0.0022710729390382768,
                0.0,
                0.9999974370002748,
                0.0,
                -0.13409000635147096,
                -12.999988555908204,
                0.12365700304508208,
                1.0
            ],
            "name": "Rocker_Sub__0_Parts"
        },
        "Rocker_Mount_Sub__0_Parts-node_1": {
            "children": [
                "Rocker_Bolt_123-603_0_Parts-node_2",
                "Rocker_Bolt_123-603_0_Parts-node_3",
                "Rocker_Mount_Cap_123-608_0_Parts-node_1",
                "Rocker_Mount_123-604_0_Parts-node_1"
            ],
            "matrix": [
                1.0,
                0.0,
                0.0,
                0.0,
                0.0,
                1.0,
                0.0,
                0.0,
                0.0,
                0.0,
                1.0,
                0.0,
                -0.000007999999979801942,
                -0.000011000000085914508,
                -99.9995346069336,
                1.0
            ],
            "name": "Rocker_Mount_Sub__0_Parts_1"
        },
        "Rocker_Mount_123-604_0_Parts-node_1": {
            "meshes": [
                "body-mesh_17"
            ],
            "matrix": [
                0.9999974370002748,
                0.0,
                0.002270043129101396,
                0.0,
                0.0,
                1.0,
                0.0,
                0.0,
                -0.002270043129101396,
                0.0,
                0.9999974370002748,
                0.0,
                49.7321662902832,
                344.3533630371094,
                79.59915161132813,
                1.0
            ],
            "name": "Rocker_Mount_123-604_0_Parts_1"
        },
        "Rocker_Mount_Cap_123-608_0_Parts-node_1": {
            "meshes": [
                "body-mesh_16"
            ],
            "matrix": [
                0.9999974370002748,
                1.0191530236923485e-13,
                0.0022699993569403888,
                0.0,
                -1.0191530236923485e-13,
                -1.0,
                8.97931243248884e-11,
                0.0,
                0.0022699993569403888,
                -8.97931243248884e-11,
                -0.9999974370002748,
                0.0,
                49.69811248779297,
                257.12298583984377,
                94.59911346435549,
                1.0
            ],
            "name": "Rocker_Mount_Cap_123-608_0_Parts_1"
        },
        "Rocker_Bolt_123-603_0_Parts-node_3": {
            "meshes": [
                "body-mesh_15"
            ],
            "matrix": [
                0.9986716508865356,
                -4.959933574966158e-10,
                -0.051525991410017017,
                0.0,
                -0.051525991410017017,
                -1.9239376314317274e-8,
                -0.9986716508865356,
                0.0,
                -4.959933574966158e-10,
                1.0,
                -1.9239376314317274e-8,
                0.0,
                67.53964233398438,
                326.7381286621094,
                297.74066162109377,
                1.0
            ],
            "name": "Rocker_Bolt_123-603_0_Parts_3"
        },
        "Rocker_Bolt_123-603_0_Parts-node_2": {
            "meshes": [
                "body-mesh_15"
            ],
            "matrix": [
                0.9986629486083984,
                -1.8848431704299175e-9,
                -0.05169397220015526,
                0.0,
                -0.05169397220015526,
                -7.287438563707839e-8,
                -0.9986629486083984,
                0.0,
                -1.8848431704299175e-9,
                1.0,
                -7.287438563707839e-8,
                0.0,
                17.574960708618165,
                326.7381286621094,
                297.6291809082031,
                1.0
            ],
            "name": "Rocker_Bolt_123-603_0_Parts_2"
        },
        "Rocker_Mount_Sub__0_Parts-node": {
            "children": [
                "Rocker_Bolt_123-603_0_Parts-node",
                "Rocker_Bolt_123-603_0_Parts-node_1",
                "Rocker_Mount_Cap_123-608_0_Parts-node",
                "Rocker_Mount_123-604_0_Parts-node"
            ],
            "name": "Rocker_Mount_Sub__0_Parts"
        },
        "Rocker_Mount_123-604_0_Parts-node": {
            "meshes": [
                "body-mesh_17"
            ],
            "matrix": [
                0.9999974370002748,
                0.0,
                0.002270043129101396,
                0.0,
                0.0,
                1.0,
                0.0,
                0.0,
                -0.002270043129101396,
                0.0,
                0.9999974370002748,
                0.0,
                49.50515365600586,
                344.3533630371094,
                79.59934997558594,
                1.0
            ],
            "name": "Rocker_Mount_123-604_0_Parts"
        },
        "Rocker_Mount_Cap_123-608_0_Parts-node": {
            "meshes": [
                "body-mesh_16"
            ],
            "matrix": [
                0.9999974370002748,
                1.0191530236923485e-13,
                0.0022699993569403888,
                0.0,
                -1.0191530236923485e-13,
                -1.0,
                8.97931243248884e-11,
                0.0,
                0.0022699993569403888,
                -8.97931243248884e-11,
                -0.9999974370002748,
                0.0,
                49.47110366821289,
                257.1229553222656,
                94.59931182861328,
                1.0
            ],
            "name": "Rocker_Mount_Cap_123-608_0_Parts"
        },
        "Rocker_Bolt_123-603_0_Parts-node_1": {
            "meshes": [
                "body-mesh_15"
            ],
            "matrix": [
                0.9984543323516846,
                -6.428584886641885e-10,
                -0.05557801201939583,
                0.0,
                -0.05557801201939583,
                -2.311567648405344e-8,
                -0.9984543323516846,
                0.0,
                -6.428584886641885e-10,
                1.0,
                -2.311567648405344e-8,
                0.0,
                68.16710662841797,
                326.7381286621094,
                297.7886657714844,
                1.0
            ],
            "name": "Rocker_Bolt_123-603_0_Parts_1"
        },
        "Rocker_Bolt_123-603_0_Parts-node": {
            "meshes": [
                "body-mesh_15"
            ],
            "matrix": [
                0.998445212841034,
                5.507552747197052e-10,
                -0.05574197694659233,
                0.0,
                -0.05574197694659233,
                1.97455189976381e-8,
                -0.998445212841034,
                0.0,
                5.507552747197052e-10,
                1.0,
                1.97455189976381e-8,
                0.0,
                18.201759338378908,
                326.7381286621094,
                297.6770324707031,
                1.0
            ],
            "name": "Rocker_Bolt_123-603_0_Parts"
        },
        "Rocker_Arm_Shaft_123-601_0_Parts-node_1": {
            "meshes": [
                "body-mesh_14"
            ],
            "matrix": [
                -0.9999873638153076,
                -0.004487415309995413,
                -0.002269974444061518,
