{
    "asset": {
        "generator": "COLLADA2GLTF",
        "premultipliedAlpha": true,
        "profile": {
            "api": "WebGL",
            "version": "1.0"
        },
        "version": "2.0"
    },
    "scene": 0,
    "scenes": [
        {
            "nodes": [
                207,
                206,
                205,
                204,
                0
            ]
        }
    ],
    "nodes": [
        {
            "children": [
                203,
                202,
                201,
                200,
                199,
                198,
                197,
                196,
                195,
                194,
                193,
                192,
                191,
                190,
                189,
                188,
                187,
                186,
                185,
                184,
                183,
                182,
                181,
                180,
                179,
                178,
                177,
                176,
                175,
                174,
                173,
                172,
                171,
                170,
                169,
                168,
                167,
                166,
                165,
                164,
                163,
                162,
                161,
                160,
                159,
                158,
                157,
                156,
                155,
                154,
                153,
                152,
                151,
                150,
                149,
                148,
                147,
                146,
                145,
                144,
                143,
                142,
                141,
                140,
                139,
                138,
                137,
                136,
                135,
                134,
                133,
                132,
                131,
                130,
                129,
                128,
                127,
                126,
                125,
                124,
                123,
                122,
                121,
                120,
                119,
                118,
                117,
                116,
                115,
                114,
                113,
                112,
                111,
                110,
                109,
                108,
                107,
                106,
                105,
                104,
                103,
                102,
                101,
                100,
                99,
                98,
                97,
                96,
                95,
                94,
                93,
                92,
                91,
                90,
                89,
                88,
                85,
                82,
                77,
                70,
                43,
                34,
                25,
                21,
                17,
                13,
                9,
                5,
                1
            ],
            "matrix": [
                1.0,
                0.0,
                -0.0,
                0.0,
                -0.0,
                4.4896641959724089e-11,
                -1.0,
                0.0,
                0.0,
                1.0,
                4.4896641959724089e-11,
                0.0,
                0.0,
                0.0,
                0.0,
                1.0
            ]
        },
        {
            "children": [
                4,
                3,
                2
            ],
            "matrix": [
                -1.0,
                0.0,
                -8.979318677493353e-11,
                0.0,
                0.0,
                1.0,
                0.0,
                0.0,
                8.979318677493353e-11,
                0.0,
                -1.0,
                0.0,
                69.40096282958985,
                2.223723888397217,
                4.800000190734863,
                1.0
            ]
        },
        {
            "meshes": [
                0
            ],
            "matrix": [
                4.4896641959724089e-11,
                1.0,
                0.0,
                0.0,
                -1.0,
                4.4896641959724089e-11,
                0.0,
                0.0,
                0.0,
                0.0,
                1.0,
                0.0,
                12.480960845947266,
                1.776271939277649,
                0.0,
                1.0
            ]
        },
        {
            "meshes": [
                1
            ],
            "matrix": [
                1.0,
                0.0,
                0.0,
                0.0,
                0.0,
                1.0,
                0.0,
                0.0,
                0.0,
                0.0,
                1.0,
                0.0,
                13.18096160888672,
                1.776271939277649,
                0.0,
                1.0
            ]
        },
        {
            "meshes": [
                2
            ],
            "matrix": [
                -2.220446049250313e-16,
                -1.0,
                6.349337028366264e-11,
                0.0,
                -1.0,
                -2.220446049250313e-16,
                6.349337028366264e-11,
                0.0,
                -6.349337028366264e-11,
                -6.349337028366264e-11,
                -1.0,
                0.0,
                12.480960845947266,
                1.776271939277649,
                0.0,
                1.0
            ]
        },
        {
            "children": [
                8,
                7,
                6
            ],
            "matrix": [
                1.0,
                0.0,
                0.0,
                0.0,
                0.0,
                1.0,
                0.0,
                0.0,
                0.0,
                0.0,
                1.0,
                0.0,
                -21.20096206665039,
                2.223723888397217,
                4.800000190734863,
                1.0
            ]
        },
        {
            "meshes": [
                0
            ],
            "matrix": [
                4.4896641959724089e-11,
                1.0,
                0.0,
                0.0,
                -1.0,
                4.4896641959724089e-11,
                0.0,
                0.0,
                0.0,
                0.0,
                1.0,
                0.0,
                12.480961799621582,
                1.776271939277649,
                0.0,
                1.0
            ]
        },
        {
            "meshes": [
                1
            ],
            "matrix": [
                1.0,
                0.0,
                0.0,
                0.0,
                0.0,
                1.0,
                0.0,
                0.0,
                0.0,
                0.0,
                1.0,
                0.0,
                13.18096160888672,
                1.776271939277649,
                0.0,
                1.0
            ]
        },
        {
            "meshes": [
                2
            ],
            "matrix": [
                -2.220446049250313e-16,
                -1.0,
                6.349337028366264e-11,
                0.0,
                -1.0,
                -2.220446049250313e-16,
                6.349337028366264e-11,
                0.0,
                -6.349337028366264e-11,
                -6.349337028366264e-11,
                -1.0,
                0.0,
                12.480961799621582,
                1.776271939277649,
                0.0,
                1.0
            ]
        },
        {
            "children": [
                12,
                11,
                10
            ],
            "matrix": [
                -1.0,
                0.0,
                -8.979318677493353e-11,
                0.0,
                0.0,
                1.0,
                0.0,
                0.0,
                8.979318677493353e-11,
                0.0,
                -1.0,
                0.0,
                69.35596466064453,
                -41.82627487182617,
                4.125,
                1.0
            ]
        },
        {
            "meshes": [
                0
            ],
            "matrix": [
                4.4896641959724089e-11,
                1.0,
                0.0,
                0.0,
                -1.0,
                4.4896641959724089e-11,
                0.0,
                0.0,
                0.0,
                0.0,
                1.0,
                0.0,
                12.480960845947266,
                1.776271939277649,
                0.0,
                1.0
            ]
        },
        {
            "meshes": [
                1
            ],
            "matrix": [
                1.0,
                0.0,
                0.0,
                0.0,
                0.0,
                1.0,
                0.0,
                0.0,
                0.0,
                0.0,
                1.0,
                0.0,
                13.18096160888672,
                1.776271939277649,
                0.0,
                1.0
            ]
        },
        {
            "meshes": [
                2
            ],
            "matrix": [
                -2.220446049250313e-16,
                -1.0,
                6.349337028366264e-11,
                0.0,
                -1.0,
                -2.220446049250313e-16,
                6.349337028366264e-11,
                0.0,
                -6.349337028366264e-11,
                -6.349337028366264e-11,
                -1.0,
                0.0,
                12.480960845947266,
                1.776271939277649,
                0.0,
                1.0
            ]
        },
        {
            "children": [
                16,
                15,
                14
            ],
            "matrix": [
                -1.0,
                0.0,
                -8.979318677493353e-11,
                0.0,
                0.0,
                1.0,
                0.0,
                0.0,
                8.979318677493353e-11,
                0.0,
                -1.0,
                0.0,
                69.35596466064453,
                46.223724365234378,
                4.125,
                1.0
            ]
        },
        {
            "meshes": [
                0
            ],
            "matrix": [
                4.4896641959724089e-11,
                1.0,
                0.0,
                0.0,
                -1.0,
                4.4896641959724089e-11,
                0.0,
                0.0,
                0.0,
                0.0,
                1.0,
                0.0,
                12.480960845947266,
                1.776271939277649,
                0.0,
                1.0
            ]
        },
        {
            "meshes": [
                1
            ],
            "matrix": [
                1.0,
                0.0,
                0.0,
                0.0,
                0.0,
                1.0,
                0.0,
                0.0,
                0.0,
                0.0,
                1.0,
                0.0,
                13.18096160888672,
                1.776271939277649,
                0.0,
                1.0
            ]
        },
        {
            "meshes": [
                2
            ],
            "matrix": [
                -2.220446049250313e-16,
                -1.0,
                6.349337028366264e-11,
                0.0,
                -1.0,
                -2.220446049250313e-16,
                6.349337028366264e-11,
                0.0,
                -6.349337028366264e-11,
                -6.349337028366264e-11,
                -1.0,
                0.0,
                12.480960845947266,
                1.776271939277649,
                0.0,
                1.0
            ]
        },
        {
            "children": [
                20,
                19,
                18
            ],
            "matrix": [
                1.0,
                0.0,
                0.0,
                0.0,
                0.0,
                1.0,
                0.0,
                0.0,
                0.0,
                0.0,
                1.0,
                0.0,
                -21.15596199035645,
                -41.776275634765628,
                4.125,
                1.0
            ]
        },
        {
            "meshes": [
                0
            ],
            "matrix": [
                4.4896641959724089e-11,
                1.0,
                0.0,
                0.0,
                -1.0,
                4.4896641959724089e-11,
                0.0,
                0.0,
                0.0,
                0.0,
                1.0,
                0.0,
                12.480961799621582,
                1.776271939277649,
                0.0,
                1.0
            ]
        },
        {
            "meshes": [
                1
            ],
            "matrix": [
                1.0,
                0.0,
                0.0,
                0.0,
                0.0,
                1.0,
                0.0,
                0.0,
                0.0,
                0.0,
                1.0,
                0.0,
                13.18096160888672,
                1.776271939277649,
                0.0,
                1.0
            ]
        },
        {
            "meshes": [
                2
            ],
            "matrix": [
                -2.220446049250313e-16,
                -1.0,
                6.349337028366264e-11,
                0.0,
                -1.0,
                -2.220446049250313e-16,
                6.349337028366264e-11,
                0.0,
                -6.349337028366264e-11,
                -6.349337028366264e-11,
                -1.0,
                0.0,
                12.480961799621582,
                1.776271939277649,
                0.0,
                1.0
            ]
        },
        {
            "children": [
                24,
                23,
                22
            ],
            "matrix": [
                1.0,
                0.0,
                0.0,
                0.0,
                0.0,
                -1.0,
                8.979318677493353e-11,
                0.0,
                0.0,
                -8.979318677493353e-11,
                -1.0,
                0.0,
                -21.15596199035645,
                49.82627487182617,
                4.125,
                1.0
            ]
        },
        {
            "meshes": [
                1
            ],
            "matrix": [
                1.0,
                0.0,
                0.0,
                0.0,
                0.0,
                1.0,
                0.0,
                0.0,
                0.0,
                0.0,
                1.0,
                0.0,
                13.18096160888672,
                1.776271939277649,
                0.0,
                1.0
            ]
        },
        {
            "meshes": [
                3
            ],
            "matrix": [
                4.4896641959724089e-11,
                1.0,
                0.0,
                0.0,
                -1.0,
                4.4896641959724089e-11,
                0.0,
                0.0,
                0.0,
                0.0,
                1.0,
                0.0,
                12.480961799621582,
                1.776271939277649,
                0.0,
                1.0
            ]
        },
        {
            "meshes": [
                4
            ],
            "matrix": [
                -2.220446049250313e-16,
                -1.0,
                6.349337028366264e-11,
                0.0,
                -1.0,
                -2.220446049250313e-16,
                6.349337028366264e-11,
                0.0,
                -6.349337028366264e-11,
                -6.349337028366264e-11,
                -1.0,
                0.0,
                12.480961799621582,
                1.776271939277649,
                0.0,
                1.0
            ]
        },
        {
            "children": [
                33,
                32,
                31,
                30,
                29,
                28,
                27,
                26
            ],
            "matrix": [
                1.0,
                0.0,
                0.0,
                0.0,
                0.0,
                1.0,
                0.0,
                0.0,
                0.0,
                0.0,
                1.0,
                0.0,
                -65.02137756347656,
                -1.3785810470581058,
                -0.0,
                1.0
            ]
        },
        {
            "meshes": [
                1
            ],
            "matrix": [
                -2.220446049250313e-16,
                6.349337028366264e-11,
                1.0,
                0.0,
                -6.349337028366264e-11,
                -1.0,
                6.349337028366264e-11,
                0.0,
                1.0,
                -6.349337028366264e-11,
                -2.220446049250313e-16,
                0.0,
                117.17137145996094,
                -23.471416473388677,
                8.100000381469727,
                1.0
            ]
        },
        {
            "meshes": [
                1
            ],
            "matrix": [
                -2.220446049250313e-16,
                6.349337028366264e-11,
                1.0,
                0.0,
                -6.349337028366264e-11,
                -1.0,
                6.349337028366264e-11,
                0.0,
                1.0,
                -6.349337028366264e-11,
                -2.220446049250313e-16,
                0.0,
                61.07137298583985,
                -23.421415328979493,
                8.100000381469727,
                1.0
            ]
        },
        {
            "meshes": [
                5
            ],
            "matrix": [
                4.4896641959724089e-11,
                1.0,
                0.0,
                0.0,
                -1.0,
                4.4896641959724089e-11,
                0.0,
                0.0,
                0.0,
                0.0,
                1.0,
                0.0,
                121.09637451171877,
                -38.671417236328128,
                4.900000095367432,
                1.0
            ]
        },
        {
            "meshes": [
                5
            ],
            "matrix": [
                4.4896641959724089e-11,
                1.0,
                0.0,
                0.0,
                -1.0,
                4.4896641959724089e-11,
                0.0,
                0.0,
                0.0,
                0.0,
                1.0,
                0.0,
                64.99637603759766,
                -38.62141418457031,
                4.900000095367432,
                1.0
            ]
        },
        {
            "meshes": [
                6
            ],
            "matrix": [
                1.0,
                0.0,
                0.0,
                0.0,
                0.0,
                1.0,
                0.0,
                0.0,
                0.0,
                0.0,
                1.0,
                0.0,
                65.02137756347656,
                -23.421415328979493,
                16.875,
                1.0
            ]
        },
        {
            "meshes": [
                6
            ],
            "matrix": [
                1.0,
                0.0,
                0.0,
                0.0,
                0.0,
                1.0,
                0.0,
                0.0,
                0.0,
                0.0,
                1.0,
                0.0,
                65.02137756347656,
                -38.62141418457031,
                12.800000190734864,
                1.0
            ]
        },
        {
            "meshes": [
                6
            ],
            "matrix": [
                1.0,
                0.0,
                0.0,
                0.0,
                0.0,
                1.0,
                0.0,
                0.0,
                0.0,
                0.0,
                1.0,
                0.0,
                65.02137756347656,
                -38.62141418457031,
                0.0,
                1.0
            ]
        },
        {
            "meshes": [
                7
            ],
            "matrix": [
                1.0,
                0.0,
                0.0,
                0.0,
                0.0,
                1.0,
                0.0,
                0.0,
                0.0,
                0.0,
                1.0,
                0.0,
                81.02137756347656,
                -23.521419525146489,
                20.075000762939454,
                1.0
            ]
        },
        {
            "children": [
                42,
                41,
                40,
                39,
                38,
                37,
                36,
                35
            ],
            "matrix": [
                -1.0,
                8.979318677493353e-11,
                0.0,
                0.0,
                -8.979318677493353e-11,
                -1.0,
                0.0,
                0.0,
                0.0,
                0.0,
                1.0,
                0.0,
                113.22137451171877,
                9.378581047058106,
                0.0,
                1.0
            ]
        },
        {
            "meshes": [
                1
            ],
            "matrix": [
                -2.220446049250313e-16,
                6.349337028366264e-11,
                1.0,
                0.0,
                -6.349337028366264e-11,
                -1.0,
                6.349337028366264e-11,
                0.0,
                1.0,
                -6.349337028366264e-11,
                -2.220446049250313e-16,
                0.0,
                117.17137145996094,
                -23.471416473388677,
                8.100000381469727,
                1.0
            ]
        },
        {
            "meshes": [
                1
            ],
            "matrix": [
                -2.220446049250313e-16,
                6.349337028366264e-11,
                1.0,
                0.0,
                -6.349337028366264e-11,
                -1.0,
                6.349337028366264e-11,
                0.0,
                1.0,
                -6.349337028366264e-11,
                -2.220446049250313e-16,
                0.0,
                61.07137298583985,
                -23.421415328979493,
                8.100000381469727,
                1.0
            ]
        },
        {
            "meshes": [
                5
            ],
            "matrix": [
                4.4896641959724089e-11,
                1.0,
                0.0,
                0.0,
                -1.0,
                4.4896641959724089e-11,
                0.0,
                0.0,
                0.0,
                0.0,
                1.0,
                0.0,
                121.09637451171877,
                -38.671417236328128,
                4.900000095367432,
                1.0
            ]
        },
        {
            "meshes": [
                6
            ],
            "matrix": [
                1.0,
                0.0,
                0.0,
                0.0,
                0.0,
                1.0,
                0.0,
                0.0,
                0.0,
                0.0,
                1.0,
                0.0,
                65.02137756347656,
                -23.421415328979493,
                16.875,
                1.0
            ]
        },
        {
            "meshes": [
                6
            ],
            "matrix": [
                1.0,
                0.0,
                0.0,
                0.0,
                0.0,
                1.0,
                0.0,
                0.0,
                0.0,
                0.0,
                1.0,
                0.0,
                65.02137756347656,
                -38.62141418457031,
                12.800000190734864,
                1.0
            ]
        },
        {
            "meshes": [
                8
            ],
            "matrix": [
                4.4896641959724089e-11,
                1.0,
                0.0,
                0.0,
                -1.0,
                4.4896641959724089e-11,
                0.0,
                0.0,
                0.0,
                0.0,
                1.0,
                0.0,
                64.99637603759766,
                -38.62141418457031,
                4.900000095367432,
                1.0
            ]
        },
        {
            "meshes": [
                9
            ],
            "matrix": [
                1.0,
                0.0,
                0.0,
                0.0,
                0.0,
                1.0,
                0.0,
                0.0,
                0.0,
                0.0,
                1.0,
                0.0,
                65.02137756347656,
                -38.62141418457031,
                0.0,
                1.0
            ]
        },
        {
            "meshes": [
                10
            ],
            "matrix": [
                1.0,
                0.0,
                0.0,
                0.0,
                0.0,
                1.0,
                0.0,
                0.0,
                0.0,
                0.0,
                1.0,
                0.0,
                81.02137756347656,
                -23.521419525146489,
                20.075000762939454,
                1.0
            ]
        },
        {
            "children": [
                69,
                68,
                67,
                66,
                65,
                64,
                63,
                62,
                61,
                60,
                59,
                58,
                57,
                56,
                55,
                54,
                53,
                52,
                51,
                50,
                49,
                48,
                47,
                46,
                45,
                44
            ],
            "matrix": [
                1.0,
                0.0,
                0.0,
                0.0,
                0.0,
                1.0,
                0.0,
                0.0,
                0.0,
                0.0,
                1.0,
                0.0,
                13.552738189697266,
                -51.06599044799805,
                21.93687438964844,
                1.0
            ]
        },
        {
            "meshes": [
                11
            ],
            "matrix": [
                1.0,
                0.0,
                0.0,
                0.0,
                0.0,
                1.0,
                0.0,
                0.0,
                0.0,
                0.0,
                1.0,
                0.0,
                0.0,
                0.0,
                0.0,
                1.0
            ]
        },
        {
            "meshes": [
                12
            ],
            "matrix": [
                -0.13002964854240418,
                -0.9876720309257508,
                -0.08715619891881943,
                0.0,
                0.011375860311090948,
                0.08641060441732407,
                -0.9961946606636049,
                0.0,
                0.9914448261260986,
                -0.1305263191461563,
                -3.214637160908751e-7,
                0.0,
                2.604382038116455,
                3.816840887069702,
                -1.660254955291748,
                1.0
            ]
        },
        {
            "meshes": [
                13
            ],
            "matrix": [
                0.1226549744606018,
                0.9316533207893372,
                0.342020183801651,
                0.0,
                0.0446433462202549,
                0.3390940427780152,
                -0.9396926164627076,
                0.0,
                -0.991444766521454,
                0.13052690029144288,
                -5.518333523468755e-7,
                0.0,
                5.354506015777588,
                -31.987491607666017,
                -5.955254077911377,
                1.0
            ]
        },
        {
            "meshes": [
                14
            ],
            "matrix": [
                -0.2033870965242386,
                0.9174181222915648,
                0.3420199453830719,
                0.0,
                -0.07402758300304413,
                0.33391252160072329,
                -0.9396926760673524,
                0.0,
                -0.9762958884239196,
                -0.21644027531147004,
                7.5017624112661e-7,
                0.0,
                25.38386344909668,
                -30.35870742797852,
                -5.955254077911377,
                1.0
            ]
        },
        {
            "meshes": [
                15
            ],
            "matrix": [
                -1.0,
                0.0,
                -8.979318677493353e-11,
                0.0,
                0.0,
                1.0,
                0.0,
                0.0,
                8.979318677493353e-11,
                0.0,
                -1.0,
                0.0,
                23.5,
                0.0,
                30.0,
                1.0
            ]
        },
        {
            "meshes": [
                16
            ],
            "matrix": [
                3.456146480118605e-11,
                1.0,
                -3.4561353778883588e-11,
                0.0,
                -3.4561353778883588e-11,
                3.456146480118605e-11,
                1.0,
                0.0,
                1.0,
                -3.4561353778883588e-11,
                3.456146480118605e-11,
                0.0,
                10.0,
                -6.5,
                28.599998474121095,
                1.0
            ]
        },
        {
            "meshes": [
                17
            ],
            "matrix": [
                4.4896641959724089e-11,
                -1.0,
                0.0,
                0.0,
                1.0,
                4.4896641959724089e-11,
                0.0,
                0.0,
                0.0,
                0.0,
                1.0,
                0.0,
                10.0,
                5.5,
                22.099998474121095,
                1.0
            ]
        },
        {
            "meshes": [
                18
            ],
            "matrix": [
                -0.8711552619934082,
                0.14487874507904054,
                0.4691467583179474,
                0.0,
                0.4709031879901886,
                -0.024089572951197625,
                0.8818559050559998,
                0.0,
                0.1390637308359146,
                0.9891561269760132,
                -0.04723810777068138,
                0.0,
                34.12458419799805,
                2.0186500549316408,
                40.44918823242188,
                1.0
            ]
        },
        {
            "meshes": [
                19
            ],
            "matrix": [
                0.03758383542299271,
                -0.16953255236148838,
                0.9848076701164246,
                0.0,
                0.9762959480285645,
                0.21643976867198945,
                6.481365062427358e-7,
                0.0,
                -0.21315166354179386,
                0.961463749408722,
                0.17364858090877534,
                0.0,
                18.02637100219727,
                -33.20896530151367,
                -13.603891372680664,
                1.0
            ]
        },
        {
            "meshes": [
                20
            ],
            "matrix": [
                0.9902616739273072,
                -0.1392187625169754,
                8.736023460187425e-7,
                0.0,
                -0.006575583480298519,
                -0.046778324991464618,
                -0.9988836646080016,
                0.0,
                0.13906338810920716,
                0.989156186580658,
                -0.04723822697997093,
                0.0,
                27.79962730407715,
                0.5489199757575989,
                29.15827178955078,
                1.0
            ]
        },
        {
            "meshes": [
                20
            ],
            "matrix": [
                0.9775428175926209,
                -2.199814019832047e-7,
                0.2107368111610413,
                0.0,
                -0.07141555100679398,
                0.9408274292945862,
                0.3312755823135376,
                0.0,
                -0.19826705753803254,
                -0.3388859629631043,
                0.9196991324424744,
                0.0,
                -5.180057048797607,
                -1.384421944618225,
                14.230175018310549,
                1.0
            ]
        },
        {
            "meshes": [
                20
            ],
            "matrix": [
                1.0,
                0.0,
                0.0,
                0.0,
                0.0,
                0.1736481785774231,
                -0.9848077297210692,
                0.0,
                0.0,
                0.9848077297210692,
                0.1736481785774231,
                0.0,
                18.0,
                1.7823519706726077,
                21.844480514526368,
                1.0
            ]
        },
        {
            "meshes": [
                21
            ],
            "matrix": [
                0.4709029197692871,
                -0.02408908493816853,
                0.8818560838699341,
                0.0,
                -0.13906320929527284,
                -0.989156186580658,
                0.04723832756280899,
                0.0,
                0.8711555004119873,
                -0.14487840235233308,
                -0.4691464304924011,
                0.0,
                28.328067779541017,
                4.307713031768799,
                28.97876358032227,
                1.0
            ]
        },
        {
            "meshes": [
                21
            ],
            "matrix": [
                0.4754718840122223,
                -0.85378098487854,
                -0.21209552884101869,
                0.0,
                -0.19826681911945344,
                -0.3388859629631043,
                0.9196991920471193,
                0.0,
                -0.857097864151001,
                -0.3952395915985108,
                -0.33040717244148257,
                0.0,
                -5.933469772338867,
                -2.6721880435943605,
                17.725032806396486,
                1.0
            ]
        },
        {
            "meshes": [
                21
            ],
            "matrix": [
                0.843391478061676,
                -0.0933019518852234,
                0.529136598110199,
                0.0,
                -9.645300451666117e-7,
                -0.9848077297210692,
                -0.17364829778671266,
                0.0,
                0.5372995138168335,
                0.14645299315452577,
                -0.8305785655975342,
                0.0,
                18.0,
                5.475379943847656,
                22.49566078186035,
                1.0
            ]
        },
        {
            "meshes": [
                22
            ],
            "matrix": [
                -1.0,
                8.945149482242343e-11,
                7.826011540201794e-12,
                0.0,
                -8.945149482242343e-11,
                -0.9848076701164246,
                -0.1736486256122589,
                0.0,
                -7.826011540201794e-12,
                -0.1736486256122589,
                0.9848076701164246,
                0.0,
                18.0,
                5.5,
                22.5,
                1.0
            ]
        },
        {
            "meshes": [
                23
            ],
            "matrix": [
                -0.8433918356895447,
                0.09330099821090698,
                -0.5291362404823303,
                0.0,
                -0.13906343281269074,
                -0.9891561269760132,
                0.047238703817129138,
                0.0,
                -0.5189909338951111,
                0.11342424154281616,
                0.8472209572792053,
                0.0,
                28.3315486907959,
                4.332442760467529,
                28.977584838867189,
                1.0
            ]
        },
        {
            "meshes": [
                23
            ],
            "matrix": [
                0.6427872776985169,
                0.663414478302002,
                0.3830219209194184,
                0.0,
                -0.19826658070087437,
                -0.3388858139514923,
                0.919699251651764,
                0.0,
                0.7399424910545349,
                -0.6671113967895508,
                -0.08629857748746872,
                0.0,
                -5.938426971435547,
                -2.6806600093841559,
                17.748023986816408,
                1.0
            ]
        },
        {
            "meshes": [
                23
            ],
            "matrix": [
                1.0,
                0.0,
                0.0,
                0.0,
                0.0,
                0.5,
                -0.8660253882408142,
                0.0,
                0.0,
                0.8660253882408142,
                0.5,
                0.0,
                2.0,
                5.5,
                22.5,
                1.0
            ]
        },
        {
            "meshes": [
                24
            ],
            "matrix": [
                -0.04464307427406311,
                -0.33909428119659426,
                0.9396925568580629,
                0.0,
                0.9914449453353882,
                -0.13052575290203098,
                6.52237361009611e-7,
                0.0,
                0.12265385687351228,
                0.9316534399986268,
                0.3420203924179077,
                0.0,
                -2.40352201461792,
                -31.15742874145508,
                -14.644126892089844,
                1.0
            ]
        },
        {
            "meshes": [
                25
            ],
            "matrix": [
                0.21561549603939057,
                -0.9725809693336488,
                -0.08715611696243286,
                0.0,
                -0.01886381022632122,
                0.08509021997451782,
                -0.9961946606636049,
                0.0,
                0.9762961268424988,
                0.21643909811973573,
                1.863379850419733e-7,
                0.0,
                -5.652723789215088,
                -1.247143030166626,
                -1.660254955291748,
                1.0
            ]
        },
        {
            "meshes": [
                26
            ],
            "matrix": [
                1.8242067412188594e-8,
                0.9396926760673524,
